fertilizer <- 1:100


corn.height <-
c(262.710740771969, 251.160546564742, 254.645628342707, 201.72319022907, 
201.387070670918, 273.251551369433, 272.131550577913, 261.156312412152, 
275.393577127354, 272.274341967364, 264.256477385479, 304.362398214017, 
240.435998583927, 274.33226300484, 257.53687592885, 303.863439530455, 
247.955332805108, 325.436073669167, 260.016172452277, 287.996789445422, 
285.854570274897, 260.32871951249, 310.566977979278, 295.062986255304, 
257.361237671511, 248.913983292406, 268.666311050052, 268.32633882949, 
291.932404047683, 269.329140703406, 281.946238570377, 290.539185278064, 
321.816052591992, 330.516263096647, 281.411680553374, 323.79652897589, 
319.037503320375, 287.245165401384, 310.737797502477, 324.015118844589, 
284.828511136218, 313.019797349103, 305.990429419339, 273.645121058295, 
324.498051701747, 276.002415590192, 316.279638905284, 325.066145293127, 
350.060006950186, 330.338180669482, 290.65548781609, 320.637365596624, 
310.362768213375, 293.379087338563, 285.262632822031, 281.086109280004, 
312.464571035069, 288.080648492457, 327.689801975654, 292.20780185962, 
318.350497353534, 297.862135221123, 287.309856300017, 295.173683639134, 
331.767922730738, 291.674090740148, 304.695585286482, 311.322660816216, 
301.75707562163, 298.546977684959, 304.479259455125, 305.711958973124, 
312.276114337981, 271.824213876941, 262.996029893798, 264.125134405641, 
318.023736233142, 284.062790416579, 298.186792966194, 260.902654600676, 
258.164541467104, 298.171200068752, 275.564774938189, 280.089425966014, 
289.37482732892, 269.986952968056, 275.147469929391, 279.690962845073, 
274.240752846632, 266.085498023537, 280.742632119565, 272.757213359295, 
275.055488313648, 251.23114180158, 269.254713464907, 255.818761546269, 
226.929702785771, 281.52304254231, 270.148225088799, 230.809624167663
)



moisture <-
c(0.304726595845351, 0.340689515455621, 0.755935561695425, 0.590182195190128, 
0.173547469805663, 0.836217474468912, 0.613736067894638, 0.592211797517538, 
0.391010815790455, 0.370357669563085, 0.334840776842983, 0.53536301727421, 
1.07154113727963, 0.424293242811461, 0.602339056422577, 0.298410421208563, 
0.73440706702038, 0.614502292442418, 0.792919321449989, 0.208754239835111, 
0.508333013609991, 0.749369882980052, 0.68011032814084, 0.392471112463178, 
0.521837807280459, 0.474283189580988, 0.460408476031466, 0.610897240399978, 
0.521248124402453, 0.544415750841337, 0.298745682202826, 0.986016127403901, 
0.403169078299742, 0.702385633262497, 0.360939873097266, 0.0874814730910207, 
0.41605512900596, 0.000367087327466393, 0.496885816172924, 0.613104384934837, 
0.46755301957955, 0.388656022706797, 0.0685282105770488, 0.273655762995413, 
0.531728982208211, 0.822471358674703, 0.0625942149553264, 0.403434266446249, 
0.234175114429916, 0.199630362307727, 0.630611491515005, 0.516344669697858, 
0.549931921157496, 0.658585066278496, 0.545186514906654, 0.957635187370365, 
0.407650721846805, 0.333714281991134, 0.174679385251274, 0.277252875996218, 
0.368073739569195, 0.0402738449687592, 0.474400356895975, 0.314462347035696, 
0.735571172187499, 0.652706399967237, 0.399476496699961, 0.332013541549944, 
0.481546563225083, 0.26688093132515, 0.662586105849226, 0.536215422257361, 
0.522519191031166, 0.650731196424468, 0.467962696054594, 0.660709179328024, 
0.504749069156789, 0.246716844345614, 0.46865067148789, 0.422800210689813, 
0.787689324456807, 0.501592111399537, 0.942315141290905, 0.570170091753082, 
0.681856664733097, 0.4348242519877, 0.527654162055956, 0.598563281492017, 
0.478602475461767, 0.537667302153364, 0.807860337780629, 0.58606078271095, 
0.517055413712444, 0.309744401201153, 0.41974320630285, 0.890045127078637, 
0.568460373599823, 0.531270333786393, 0.582147570437593, 0.939500587072571
)


farm <-
structure(c(1L, 3L, 3L, 2L, 1L, 3L, 2L, 2L, 3L, 3L, 1L, 1L, 1L, 
1L, 1L, 3L, 2L, 1L, 3L, 3L, 3L, 1L, 3L, 2L, 2L, 1L, 1L, 3L, 1L, 
3L, 1L, 1L, 1L, 3L, 2L, 3L, 3L, 3L, 1L, 3L, 3L, 3L, 3L, 1L, 1L, 
2L, 2L, 3L, 3L, 3L, 3L, 1L, 1L, 2L, 2L, 2L, 3L, 3L, 2L, 3L, 2L, 
3L, 1L, 2L, 3L, 1L, 3L, 2L, 2L, 1L, 3L, 3L, 1L, 1L, 1L, 3L, 3L, 
1L, 2L, 2L, 2L, 1L, 1L, 1L, 3L, 2L, 2L, 1L, 2L, 1L, 3L, 3L, 2L, 
1L, 3L, 3L, 3L, 2L, 2L, 2L), .Label = c("A", "B", "C"), class = "factor")



